68638;54858
54858;3443
3443;73262
73262;80215
80215;91339
91339;4951
4951;66451
66451;30815
30815;94884
94884;54033
54033;52162
52162;37619
37619;14320
14320;37843
37843;46712
46712;34976
34976;83525
83525;25047
25047;42563
42563;35581
35581;23249
23249;30056
30056;14628
14628;63669
63669;42644
42644;42299
42299;47587
47587;693
693;38857
38857;91858
91858;22302
22302;37753
37753;29786
29786;73427
73427;48358
48358;37250
37250;33884
33884;94839
94839;90746
90746;84099
84099;38871
38871;64232
64232;21109
21109;50224
50224;3923
3923;24637
24637;52510
52510;4239
4239;66767
66767;74574
74574;21118
21118;55182
55182;37992
37992;62522
62522;45388
45388;24801
24801;88815
88815;9593
9593;37570
37570;49040
49040;57364
57364;65758
65758;91957
91957;3026
3026;31730
31730;14408
14408;7833
7833;40893
40893;89485
89485;9462
9462;1091
1091;88686
88686;34301
34301;58464
58464;96709
96709;59017
59017;8946
8946;64403
64403;59745
59745;18006
18006;89788
89788;43347
43347;33925
33925;64282
64282;70739
70739;67120
67120;99761
99761;67263
67263;28038
28038;23556
23556;48434
48434;24291
24291;57268
57268;41706
41706;26735
26735;73113
73113;72274
72274;18083
18083;18493
18493;89515
89515;16804
16804;11617
11617;14753
14753;57304
57304;73483
73483;32432
32432;20881
20881;79527
79527;65812
65812;86371
86371;15855
15855;24412
24412;49847
49847;19564
19564;59251
59251;14016
14016;31832
31832;27675
27675;32286
32286;64610
64610;14647
14647;40569
40569;12854
12854;65929
65929;61027
61027;76800
76800;31417
31417;92595
92595;31728
31728;23596
23596;86743
86743;90862
90862;45909
45909;70230
70230;1202
1202;78171
78171;28593
28593;76621
76621;90799
90799;38307
38307;46239
46239;20233
20233;1450
1450;41667
41667;7700
7700;24022
24022;74444
74444;37704
37704;82454
82454;12718
12718;41280
41280;44599
44599;85797
85797;53883
53883;74868
74868;76234
76234;98763
98763;48824
48824;96277
96277;96682
96682;1014
1014;28286
28286;47798
47798;42216
42216;99628
99628;24992
24992;78502
78502;79616
79616;18362
18362;81080
81080;85422
85422;55211
55211;36875
36875;93978
93978;18371
18371;94413
94413;39118
39118;71187
71187;58228
58228;37005
37005;2355
2355;93713
93713;10140
10140;19009
19009;82316
82316;42143
42143;5065
5065;92026
92026;95362
95362;24967
24967;79408
79408;79769
79769;80343
80343;94116
94116;37293
37293;17952
17952;72434
72434;59234
59234;42038
42038;82707
82707;45519
45519;94827
94827;19341
19341;1374
1374;27296
27296;86068
86068;7723
7723;91818
91818;35511
35511;80454
80454;37116
37116;27575
27575;90595
90595;59272
59272;94326
94326;7300
7300;18145
18145;28789
28789;59899
59899;57484
57484;19927
19927;86476
86476;84253
84253;93394
93394;1672
1672;5653
5653;74868
74868;42758
42758;56685
56685;418
418;21978
21978;79883
79883;29148
29148;75520
75520;91485
91485;7527
7527;74372
74372;8766
8766;91713
91713;96248
96248;34420
34420;13246
13246;56514
56514;14908
14908;87851
87851;51832
51832;89173
89173;21071
21071;99789
99789;29993
29993;99806
99806;43645
43645;99335
99335;84554
84554;62780
62780;59043
59043;10574
10574;25946
25946;99702
99702;21642
21642;11200
11200;64964
64964;35133
35133;35093
35093;58475
58475;57232
57232;98427
98427;15075
15075;67786
67786;86798
86798;32928
32928;9379
9379;37075
37075;63650
63650;23064
23064;6680
6680;29962
29962;69345
69345;5543
5543;49839
49839;16480
16480;53796
53796;42969
42969;26691
26691;611
611;78333
78333;80548
80548;44594
44594;12740
12740;32441
32441;96953
96953;48425
48425;9064
9064;70070
70070;85048
85048;69455
69455;78112
78112;21420
21420;56432
56432;30619
30619;53405
53405;74098
74098;53284
53284;12990
12990;97065
97065;90427
90427;6569
6569;35684
35684;61489
61489;56099
56099;29081
29081;41228
41228;20403
20403;49862
49862;5162
5162;57403
57403;21995
21995;8441
8441;34481
34481;80142
80142;76683
76683;53832
53832;2334
2334;35344
35344;89845
89845;84502
84502;315
315;67005
67005;78602
78602;53608
53608;28567
28567;8541
8541;12913
12913;74924
74924;96434
96434;42382
42382;511
511;29978
29978;29626
29626;10184
10184;71763
71763;44863
44863;83104
83104;56640
56640;3360
3360;55725
55725;28022
28022;59201
59201;64907
64907;27644
27644;47460
47460;69671
69671;86939
86939;76289
76289;53935
53935;99572
99572;71763
71763;17939
17939;23145
23145;12562
12562;90111
90111;39564
39564;57081
57081;7881
7881;27531
27531;20539
20539;28315
28315;45478
45478;53427
53427;62780
62780;56891
56891;92016
92016;78814
78814;24296
24296;8379
8379;31819
31819;70728
70728;45694
45694;31983
31983;34119
34119;56480
56480;41113
41113;2097
2097;50957
50957;6148
6148;58896
58896;21601
21601;36623
36623;20988
20988;96862
96862;70619
70619;82572
82572;6832
6832;17064
17064;20072
20072;32198
32198;87782
87782;75223
75223;29108
29108;82821
82821;27409
27409;82543
82543;5774
5774;2127
2127;70753
70753;55443
55443;90856
90856;62642
62642;67910
67910;22115
22115;28844
28844;26068
26068;85955
85955;89025
89025;56082
56082;48997
48997;37467
37467;6124
6124;1733
1733;68635
68635;98937
98937;91691
91691;24489
24489;56565
56565;92161
92161;74319
74319;85183
85183;61750
61750;4223
4223;76181
76181;44037
44037;95504
95504;16585
16585;49162
49162;6709
6709;73936
73936;35339
35339;99969
99969;80204
80204;50704
50704;68040
68040;58959
58959;68713
68713;98872
98872;68018
68018;44550
44550;96616
96616;17807
17807;60982
60982;71075
71075;94730
94730;81658
81658;73489
73489;60473
60473;83883
83883;35718
35718;58054
58054;49208
49208;9966
9966;96434
96434;70259
70259;29105
29105;58418
58418;91728
91728;78078
78078;33339
33339;9483
9483;36793
36793;82315
82315;82145
82145;13657
13657;37498
37498;25919
25919;51028
51028;594
594;39978
39978;22978
22978;25616
25616;88547
88547;47611
47611;77702
77702;67376
67376;768
768;33148
33148;81450
81450;62379
62379;22015
22015;56111
56111;65279
65279;70991
70991;15882
15882;86131
86131;90003
90003;83770
83770;80444
80444;38934
38934;540
540;76984
76984;20794
20794;34678
34678;35066
35066;59823
59823;35491
35491;78836
78836;57417
57417;57232
57232;55738
55738;22460
22460;59879
59879;43904
43904;12739
12739;32437
32437;60661
60661;62355
62355;18731
18731;2882
2882;28336
28336;25270
25270;10278
10278;15698
15698;11324
11324;53371
53371;71513
71513;11324
11324;66263
66263;27526
27526;47495
47495;42149
42149;70584
70584;61659
61659;39438
39438;45993
45993;4822
4822;53868
53868;12544
12544;17879
17879;31885
31885;21932
21932;75731
75731;24218
24218;6640
6640;99554
99554;96232
96232;21374
21374;58251
58251;83444
83444;25469
25469;27648
27648;65039
65039;77562
77562;10598
10598;75270
75270;66706
66706;5095
5095;23354
23354;81695
81695;88309
88309;24167
24167;12572
12572;29890
29890;9737
9737;13589
13589;51876
51876;98219
98219;4466
4466;66746
66746;27615
27615;6793
6793;49811
49811;851
851;70997
70997;6404
6404;49538
49538;86059
86059;9057
9057;11770
11770;57139
57139;50139
50139;53072
53072;82818
82818;2057
2057;19846
19846;77109
77109;93021
93021;51061
51061;64167
64167;79287
79287;99726
99726;30513
30513;30849
30849;29570
29570;7718
7718;9359
9359;45840
45840;14481
14481;93051
93051;47677
47677;98012
98012;16907
16907;91505
91505;55829
55829;18676
18676;77837
77837;64187
64187;6565
6565;4193
4193;25731
25731;80646
80646;96037
96037;11584
11584;24555
24555;38169
38169;71094
71094;29754
29754;27833
27833;89890
89890;36479
36479;58855
58855;47158
47158;40298
40298;87458
87458;27888
27888;76279
76279;18961
18961;71281
71281;63278
63278;97045
97045;3698
3698;71578
71578;16006
16006;64092
64092;59127
59127;33231
33231;61566
61566;26988
26988;83380
83380;42009
42009;12922
12922;86456
86456;46868
46868;38436
38436;98641
98641;3689
3689;18929
18929;6293
6293;91400
91400;36623
36623;79605
79605;18007
18007;24591
24591;56572
56572;88822
88822;50854
50854;76608
76608;4046
4046;27941
27941;42397
42397;58875
58875;92905
92905;43286
43286;7148
7148;22033
22033;9068
9068;80031
80031;47491
47491;65428
65428;4937
4937;9527
9527;2765
2765;44452
44452;47880
47880;23556
23556;72398
72398;290
290;1862
1862;88817
88817;24199
24199;57350
57350;12668
12668;79881
79881;26654
26654;17440
17440;85690
85690;46986
46986;59434
59434;75270
75270;8273
8273;56623
56623;57520
57520;99047
99047;40983
40983;83134
83134;20016
20016;43170
43170;39719
39719;16402
16402;89572
89572;23657
23657;71437
71437;40865
40865;86462
86462;27095
27095;76839
76839;73554
73554;76711
76711;33015
33015;16423
16423;50563
50563;74746
74746;15229
15229;3741
3741;85046
85046;46206
46206;13024
13024;16631
16631;89708
89708;36342
36342;62081
62081;20596
20596;72220
72220;57155
57155;48314
48314;52007
52007;3718
3718;3469
3469;64745
64745;3539
3539;29228
29228;60570
60570;85459
85459;99244
99244;541
541;85913
85913;71802
71802;93419
93419;99559
99559;40600
40600;12136
12136;70275
70275;26419
26419;58847
58847;57709
57709;81876
81876;42291
42291;95305
95305;55936
55936;36927
36927;6992
6992;26538
26538;50011
50011;80060
80060;27491
27491;3060
3060;99216
99216;83710
83710;38147
38147;75088
75088;73120
73120;70084
70084;11965
11965;29475
29475;87195
87195;89993
89993;89286
89286;15984
15984;3200
3200;99133
99133;74404
74404;19604
19604;17072
17072;49107
49107;24205
24205;91805
91805;94177
94177;13373
13373;99445
99445;66437
66437;9716
9716;8413
8413;47532
47532;27817
27817;96547
96547;2689
2689;10558
10558;5399
5399;71753
71753;97480
97480;86696
86696;88091
88091;55271
55271;24470
24470;67480
67480;42052
42052;58310
58310;96943
96943;71651
71651;67715
67715;92590
92590;26306
26306;92105
92105;56803
56803;62523
62523;87387
87387;9466
9466;904
904;55854
55854;35685
35685;8883
8883;85842
85842;84264
84264;71709
71709;65371
65371;64707
64707;22552
22552;84147
84147;32928
32928;84506
84506;79434
79434;83887
83887;44231
44231;5719
5719;12436
12436;86312
86312;64333
64333;92601
92601;81627
81627;82153
82153;33495
33495;97233
97233;41722
41722;31730
31730;73847
73847;83409
83409;16308
16308;90729
90729;65294
65294;9159
9159;93222
93222;9654
9654;49544
49544;36067
36067;88597
88597;854
854;3827
3827;83562
83562;59098
59098;2772
2772;19500
19500;74162
74162;64015
64015;87145
87145;88281
88281;8702
8702;82075
82075;86385
86385;44367
44367;76210
76210;23054
23054;16864
16864;19277
19277;73701
73701;2190
2190;11649
11649;44120
44120;52534
52534;97861
97861;81962
81962;48399
48399;31822
31822;18853
18853;23768
23768;91283
91283;69779
69779;34342
34342;8164
8164;17122
17122;11581
11581;82485
82485;80771
80771;33503
33503;78854
78854;62653
62653;59333
59333;33218
33218;54577
54577;43449
43449;65144
65144;1334
1334;29922
29922;46361
46361;89083
89083;86104
86104;76358
76358;90377
90377;75842
75842;33877
33877;76947
76947;56734
56734;51292
51292;85700
85700;77136
77136;54373
54373;87677
87677;55308
55308;40246
40246;95861
95861;18501
18501;74359
74359;73911
73911;69263
69263;32785
32785;93725
93725;42283
42283;83361
83361;40423
40423;11048
11048;42856
42856;78431
78431;89543
89543;9084
9084;32717
32717;80627
80627;18476
18476;85460
85460;29769
29769;37664
37664;14924
14924;79402
79402;58500
58500;74287
74287;40174
40174;54847
54847;31192
31192;95070
95070;56366
56366;24480
24480;74976
74976;4024
4024;92971
92971;58715
58715;24948
24948;90784
90784;27423
27423;60659
60659;13576
13576;95358
95358;43821
43821;92997
92997;49954
49954;64794
64794;91020
91020;98516
98516;67191
67191;42208
42208;52983
52983;96509
96509;35896
35896;2216
2216;25538
25538;2582
2582;80937
80937;39098
39098;15859
15859;99624
99624;29088
29088;77938
77938;62533
62533;47212
47212;26994
26994;15942
15942;36071
36071;38832
38832;85459
85459;30828
30828;84136
84136;41932
41932;53204
53204;57817
57817;71884
71884;34411
34411;93843
93843;21927
21927;29447
29447;93705
93705;83267
83267;41657
41657;87655
87655;88984
88984;42087
42087;59857
59857;88584
88584;72760
72760;78485
78485;90389
90389;77777
77777;85849
85849;74924
74924;27799
27799;31570
31570;35638
