1531;61072
61072;81344
81344;52488
52488;62021
62021;45488
45488;44109
44109;36523
36523;77430
77430;34930
34930;2023
2023;29883
29883;35583
35583;56939
56939;56673
56673;26781
26781;21914
21914;75497
75497;51175
51175;50286
50286;62996
62996;29256
29256;60664
60664;47416
47416;40707
40707;99057
99057;8521
8521;23278
23278;91153
91153;41816
41816;49652
49652;80026
80026;66110
66110;72724
72724;99258
99258;51219
51219;96581
96581;84235
84235;18918
18918;11354
11354;20250
20250;96343
96343;65534
65534;28732
28732;83241
83241;38545
38545;77845
77845;4211
4211;68297
68297;65013
65013;7636
7636;70257
70257;88295
88295;13031
13031;92076
92076;72275
72275;407
407;33927
33927;11781
11781;62964
62964;36966
36966;20831
20831;45369
45369;35613
35613;85277
85277;21996
21996;63772
63772;62859
62859;57681
57681;5453
5453;30200
30200;37678
37678;56579
56579;39821
39821;30035
30035;66652
66652;63721
63721;31932
31932;64175
64175;2162
2162;21212
21212;4309
4309;54980
54980;26140
26140;34179
34179;79395
79395;91730
91730;53078
53078;80647
80647;26982
26982;50811
50811;62653
62653;72454
72454;55954
55954;74387
74387;99419
99419;50974
50974;29921
29921;43454
43454;61244
61244;74772
74772;14985
14985;46530
46530;62844
62844;34812
34812;69958
69958;13678
13678;48474
48474;82995
82995;25424
25424;8553
8553;68475
68475;69752
69752;9619
9619;41752
41752;32656
32656;65851
65851;19228
19228;1433
1433;5882
5882;30266
30266;10693
10693;82211
82211;30698
30698;54642
54642;67546
67546;65224
65224;624
624;65433
65433;30616
30616;15678
15678;33800
33800;88477
88477;2930
2930;27389
27389;6226
6226;57779
57779;92136
92136;91328
91328;64221
64221;65716
65716;43256
43256;70083
70083;55223
55223;18428
18428;82336
82336;92901
92901;62835
62835;14202
14202;41731
41731;33568
33568;31745
31745;28487
28487;37571
37571;30978
30978;64078
64078;32774
32774;15831
15831;8202
8202;67266
67266;4734
4734;13053
13053;83041
83041;52378
52378;9745
9745;74753
74753;79997
79997;66821
66821;82229
82229;35525
35525;74876
74876;73714
73714;27900
27900;37211
37211;40166
40166;87009
87009;40610
40610;26988
26988;12269
12269;72305
72305;74644
74644;2389
2389;86422
86422;23701
23701;97048
97048;83932
83932;5312
5312;50906
50906;71952
71952;63310
63310;73452
73452;41948
41948;83934
83934;24061
24061;59487
59487;52662
52662;60215
60215;17704
17704;45477
45477;43675
43675;2338
2338;26080
26080;80605
80605;78676
78676;66854
66854;59853
59853;3845
3845;91275
91275;97405
97405;43968
43968;23468
23468;5785
5785;3561
3561;35896
35896;92621
92621;2345
2345;26631
26631;59339
59339;55330
55330;25812
25812;69441
69441;29091
29091;94868
94868;18918
18918;62073
62073;32928
32928;89780
89780;3838
3838;77724
77724;87503
87503;26794
26794;22905
22905;81510
81510;68594
68594;69967
69967;48563
48563;21783
21783;7746
7746;56847
56847;37195
37195;80087
80087;14036
14036;53500
53500;27983
27983;39841
39841;67666
67666;38386
38386;48038
48038;31440
31440;57142
57142;26031
26031;875
875;62374
62374;19665
19665;74233
74233;73246
73246;31212
31212;61686
61686;16602
16602;33925
33925;70073
70073;6
6;13551
13551;9902
9902;17174
17174;563
563;24275
24275;34967
34967;65928
65928;44057
44057;80561
80561;18884
18884;2492
2492;18135
18135;45724
45724;55404
55404;75590
75590;66884
66884;79076
79076;94406
94406;94542
94542;41742
41742;72398
72398;20581
20581;61471
61471;25918
25918;60531
60531;61845
61845;94360
94360;96720
96720;17351
17351;60096
60096;91143
91143;22921
22921;67122
67122;80081
80081;485
485;43598
43598;10809
10809;39278
39278;43390
43390;3418
3418;82109
82109;87382
87382;76581
76581;7146
7146;98383
98383;44239
44239;73940
73940;18828
18828;97656
97656;64327
64327;82609
82609;22196
22196;39383
39383;28330
28330;27608
27608;92969
92969;48430
48430;91255
91255;40031
40031;62430
62430;40606
40606;69207
69207;26706
26706;20464
20464;27741
27741;79570
79570;51013
51013;65643
65643;54919
54919;31992
31992;56075
56075;39798
39798;51015
51015;91124
91124;59632
59632;85015
85015;44000
44000;54325
54325;27535
27535;16291
16291;87904
87904;75532
75532;99064
99064;53024
53024;77486
77486;68947
68947;83538
83538;38791
38791;52472
52472;7515
7515;95168
95168;19553
19553;99246
99246;80960
80960;62812
62812;12901
12901;60676
60676;56116
56116;79405
79405;18812
18812;93226
93226;8296
8296;63909
63909;65663
65663;8252
8252;42811
42811;71180
71180;48259
48259;68698
68698;42592
42592;48968
48968;94105
94105;63720
63720;23739
23739;74525
74525;65074
65074;70143
70143;73681
73681;42977
42977;58794
58794;96032
96032;12221
12221;13170
13170;47403
47403;36824
36824;36521
36521;40551
40551;70055
70055;28311
28311;46730
46730;24338
24338;87884
87884;74920
74920;8722
8722;23065
23065;79607
79607;11622
11622;33401
33401;44772
44772;34675
34675;97767
97767;35279
35279;70092
70092;9880
9880;58547
58547;1063
1063;55833
55833;75506
75506;6434
6434;97737
97737;42758
42758;86994
86994;13138
13138;20610
20610;22780
22780;81004
81004;95126
95126;16506
16506;28839
28839;71730
71730;2260
2260;1124
1124;19947
19947;21967
21967;18253
18253;61084
61084;19184
19184;54998
54998;674
674;94917
94917;53452
53452;36742
36742;28909
28909;8302
8302;61027
61027;60753
60753;42129
42129;3290
3290;88856
88856;35760
35760;80688
80688;65044
65044;63620
63620;30573
30573;3972
3972;37344
37344;74746
74746;54309
54309;85942
85942;42061
42061;84481
84481;95116
95116;4561
4561;73041
73041;32415
32415;96642
96642;15331
15331;48124
48124;91626
91626;97462
97462;81878
81878;835
835;74832
74832;11517
11517;44285
44285;6016
6016;58084
58084;4835
4835;59583
59583;62026
62026;38874
38874;91835
91835;27649
27649;93078
93078;91042
91042;37215
37215;37504
37504;89373
89373;17995
17995;80909
80909;86338
86338;64875
64875;69055
69055;58612
58612;10435
10435;58336
58336;32180
32180;55868
55868;75887
75887;64384
64384;45421
45421;94004
94004;11664
11664;91393
91393;53882
53882;79853
79853;90212
90212;52103
52103;86288
86288;97955
97955;79259
79259;69910
69910;94725
94725;23915
23915;3186
3186;92646
92646;67466
67466;11482
11482;81999
81999;95200
95200;59138
59138;25958
25958;30128
30128;10716
10716;11124
11124;17002
17002;31779
31779;16219
16219;1081
1081;85949
85949;73835
73835;2216
2216;28948
28948;95199
95199;16604
16604;44870
44870;80171
80171;36256
36256;39195
39195;11188
11188;47002
47002;85400
85400;3085
3085;20040
20040;1650
1650;16427
16427;70150
70150;45140
45140;55426
55426;17789
17789;90870
90870;20697
20697;73869
73869;80686
80686;5246
5246;19463
19463;63875
63875;947
947;80268
80268;36880
36880;48074
48074;73992
73992;51022
51022;338
338;24119
24119;77042
77042;40961
40961;99526
99526;7310
7310;58315
58315;12474
12474;31209
31209;72287
72287;70810
70810;48197
48197;73737
73737;22873
22873;10088
10088;9066
9066;94697
94697;46851
46851;86638
86638;60792
60792;83291
83291;95079
95079;53138
53138;28347
28347;48261
48261;89952
89952;97141
97141;80994
80994;79223
79223;55987
55987;2315
2315;63114
63114;73010
73010;34378
34378;2746
2746;95920
95920;24607
24607;75466
75466;70624
70624;37829
37829;97110
97110;5314
5314;59660
59660;48410
48410;3058
3058;32489
32489;31509
31509;96590
96590;53786
53786;91881
91881;85571
85571;90028
90028;61435
61435;13199
13199;67730
67730;5258
5258;70981
70981;48695
48695;92699
92699;9574
9574;10169
10169;77321
77321;33251
33251;75221
75221;69971
69971;7695
7695;75187
75187;39358
39358;20126
20126;14168
14168;84458
84458;19230
19230;76227
76227;48809
48809;63682
63682;77976
77976;35419
35419;4727
4727;25288
25288;15772
15772;58442
58442;551
551;27207
27207;87342
87342;70416
70416;12286
12286;1679
1679;59810
59810;66647
66647;97487
97487;24938
24938;75912
75912;82766
82766;61050
61050;27660
27660;19789
19789;72063
72063;84438
84438;78439
78439;95363
95363;57302
57302;92150
92150;76463
76463;39618
39618;7422
7422;66340
66340;13801
13801;12625
12625;49517
49517;89754
89754;69839
69839;66254
66254;23406
23406;76927
76927;51131
51131;9617
9617;50113
50113;45908
45908;4805
4805;57684
57684;6016
6016;15376
15376;72711
72711;22638
22638;89229
89229;8546
8546;36464
36464;15177
15177;21149
21149;43892
43892;5913
5913;50980
50980;26288
26288;29925
29925;58469
58469;66292
66292;24087
24087;87589
87589;79920
79920;4075
4075;98485
98485;89053
89053;10292
10292;76893
76893;27648
27648;58684
58684;52505
52505;5839
5839;9918
9918;18042
18042;69676
69676;26154
26154;79633
79633;20754
20754;89347
89347;41925
41925;19438
19438;53824
53824;50389
50389;98875
98875;29876
29876;98623
98623;91476
91476;5624
5624;83840
83840;18859
18859;39966
39966;93481
93481;18457
18457;84839
84839;85530
85530;62523
62523;65988
65988;730
730;59199
59199;16962
16962;5084
5084;95818
95818;94990
94990;30545
30545;56041
56041;30624
30624;5258
5258;3107
3107;74216
74216;79758
79758;71347
71347;5533
5533;40578
40578;16544
16544;46853
46853;70263
70263;37200
37200;81044
81044;74198
74198;99862
99862;97576
97576;4668
4668;93052
93052;8788
8788;18718
18718;59024
59024;87381
87381;25079
25079;32512
32512;7152
7152;60165
60165;78903
78903;61555
61555;72384
72384;36841
36841;23620
23620;58834
58834;19844
19844;42833
42833;99251
99251;93364
93364;88369
88369;31407
31407;4082
4082;47512
47512;34432
34432;52903
52903;1913
1913;37986
37986;15266
15266;25323
25323;84944
84944;26531
26531;59336
59336;19385
19385;415
415;2765
2765;86201
86201;11826
11826;97017
97017;43242
43242;80179
80179;70594
70594;67064
67064;19592
19592;92443
92443;43978
43978;68193
68193;79702
79702;23232
23232;11429
11429;17356
17356;38210
38210;74947
74947;6497
6497;9207
9207;73260
73260;88970
88970;61276
61276;84286
84286;6120
6120;85468
85468;87093
87093;17245
17245;81828
81828;75221
75221;52371
52371;2218
2218;52998
52998;36425
36425;20854
20854;72632
72632;8017
8017;45816
45816;56008
56008;13185
13185;17774
17774;64343
64343;84489
84489;55068
55068;90453
90453;84709
84709;22210
22210;14753
14753;3837
3837;7967
7967;46733
46733;51584
51584;52839
52839;10178
10178;27155
27155;13795
13795;24924
24924;27540
27540;90896
90896;57774
57774;93086
93086;53349
53349;85235
85235;44371
44371;40071
40071;41760
41760;15194
15194;43276
43276;2377
2377;38796
38796;9338
9338;92394
92394;18938
18938;93311
93311;91432
91432;8916
8916;4480
4480;6208
6208;93832
93832;21411
21411;63257
63257;72339
72339;13407
13407;73861
73861;28488
28488;787
787;49378
49378;42820
42820;9269
9269;7058
7058;47707
47707;80477
80477;54919
54919;98234
98234;20099
20099;64424
64424;79107
79107;40118
40118;14996
14996;48693
48693;69514
69514;78934
78934;12376
12376;65041
65041;98628
98628;54338
54338;32645
32645;59528
59528;18745
18745;18239
18239;9314
9314;18716
18716;33707
33707;69485
69485;94516
94516;20746
20746;39941
39941;11374
11374;15882
15882;39284
39284;92381
92381;72374
72374;34007
34007;95318
95318;91088
91088;28861
28861;37474
37474;20703
20703;73211
73211;27007
27007;29808
29808;64362
64362;91212
91212;45139
45139;51896
51896;84323
84323;59963
59963;48366
48366;75232
75232;74149
74149;68142
68142;89849
89849;24074
24074;91030
91030;97744
97744;28991
28991;46769
46769;85434
85434;3717
3717;99353
99353;24482
24482;67733
67733;24235
24235;75712
75712;56311
56311;97140
97140;44926
44926;17057
17057;73953
73953;69767
69767;16864
16864;11941
11941;86316
86316;91737
91737;88430
88430;44952
44952;27504
27504;88567
88567;17588
17588;10193
10193;60783
60783;91575
91575;36142
36142;41733
41733;71142
71142;2532
2532;48299
48299;42976
42976;97574
97574;62096
62096;82091
82091;52040
52040;16986
16986;73858
73858;2525
2525;62075
62075;40127
40127;15499
15499;88828
88828;54755
54755;39396
39396;42905
42905;74413
74413;5464
5464;57285
57285;56200
56200;3533
3533;32337
32337;2600
2600;52791
52791;1487
1487;58201
58201;67845
67845;93524
93524;38569
38569;32907
32907;31590
31590;82502
82502;4570
4570;53779
53779;48841
48841;1950
1950;19482
19482;11856
11856;87675
87675;64824
64824;94955
94955;12457
12457;89212
89212;26354
26354;4825
4825;12004
12004;99739
99739;62832
62832;70796
70796;17877
17877;17162
17162;30677
30677;84447
84447;14941
14941;98998
98998;15961
15961;40376
40376;44782
44782;60609
60609;23890
23890;84194
84194;23462
23462;35288
35288;69617
69617;30484
30484;57624
57624;10929
10929;35049
35049;5914
5914;37446
37446;23423
23423;62556
62556;17789
17789;92461
92461;61244
61244;91075
91075;43124
43124;76245
76245;47966
47966;89482
89482;58462
58462;5012
5012;22727
22727;20692
20692;15744
15744;912
912;98054
98054;89628
89628;54780
54780;32879
32879;61574
61574;74699
74699;51247
51247;63785
63785;80629
80629;71493
71493;77168
77168;19594
19594;95870
95870;47200
47200;1074
1074;64689
64689;56918
56918;33350
33350;94453
94453;54606
54606;12888
12888;91986
91986;53697
53697;7923
7923;72836
72836;64131
64131;96816
96816;71126
71126;65427
65427;79181
79181;734
734;14596
14596;53873
53873;29571
29571;59569
59569;21301
21301;80269
80269;73035
73035;75872
75872;48723
48723;11309
11309;54003
54003;11831
11831;89751
89751;13906
13906;23530
23530;80375
80375;766
766;88408
88408;93772
93772;48094
48094;89376
89376;26238
26238;61138
61138;88024
88024;6068
6068;35931
35931;46856
46856;60042
60042;97443
97443;77883
77883;80120
80120;98357
98357;1447
1447;70758
70758;62572
62572;65721
65721;66298
66298;87630
87630;79773
79773;84420
84420;83883
83883;57478
57478;45730
45730;43296
43296;58885
58885;80154
80154;63945
63945;94017
94017;49306
49306;83755
83755;96050
96050;82718
82718;71655
71655;31087
31087;11358
11358;88357
88357;92735
92735;41547
41547;53501
53501;85369
85369;33412
33412;12992
12992;78429
78429;70839
70839;31188
31188;55646
55646;10383
10383;18992
18992;51333
51333;57809
57809;14076
14076;13135
13135;8634
8634;9351
9351;64210
64210;31898
31898;80508
80508;17841
17841;29139
29139;25914
25914;71985
71985;52839
52839;10735
10735;13687
13687;81833
81833;97402
97402;26701
26701;70360
70360;59400
59400;74215
74215;72985
72985;24751
24751;34129
34129;94403
94403;51008
51008;70891
70891;79049
79049;74890
74890;12107
12107;3238
3238;69770
69770;44953
44953;42683
42683;91497
91497;69679
69679;82914
82914;74083
74083;62303
62303;66876
66876;79459
79459;7849
7849;74893
74893;12408
12408;27587
27587;13384
13384;80572
80572;2256
2256;64741
64741;89006
89006;33786
33786;28944
28944;40023
40023;59592
59592;77118
77118;84823
84823;89325
89325;79006
79006;14230
14230;58343
58343;93319
93319;52849
52849;5617
5617;5734
5734;25900
25900;56143
56143;27032
27032;10156
10156;19238
19238;44007
44007;98918
98918;23318
23318;64398
64398;3484
3484;79940
79940;66366
66366;98092
98092;12342
12342;6542
6542;81019
81019;70435
70435;68634
68634;14307
14307;85883
85883;78321
78321;74294
74294;29747
29747;85360
85360;65565
65565;6674
6674;80354
80354;3907
3907;59853
59853;3960
3960;73556
73556;26610
26610;2231
2231;69159
69159;86508
86508;71443
71443;86352
86352;70416
70416;83018
83018;20734
20734;90088
90088;10467
10467;64546
64546;36539
36539;79651
79651;10751
10751;86730
86730;76982
76982;72464
72464;33211
33211;87907
87907;24685
24685;38541
38541;19733
19733;27412
27412;51605
51605;26395
26395;41671
41671;44590
44590;12563
12563;63653
63653;95010
95010;63465
63465;60437
60437;29927
29927;53330
53330;64134
64134;28933
28933;25834
25834;35098
35098;94666
94666;19
19;85616
85616;93573
93573;95795
95795;67853
67853;9748
9748;93208
93208;5709
5709;54813
54813;19943
19943;3371
3371;31443
31443;26641
26641;16053
16053;48871
48871;88068
88068;82498
82498;41746
41746;34902
34902;45048
45048;44681
44681;25825
25825;70454
70454;57080
57080;95077
95077;47002
47002;4108
4108;6611
6611;26321
26321;46617
46617;57797
57797;51147
51147;37366
37366;38545
38545;87887
87887;39069
39069;44968
44968;23937
23937;59558
59558;41857
41857;33186
33186;35961
35961;89777
89777;92619
92619;60281
60281;63567
63567;36823
36823;44384
44384;81056
81056;65261
65261;81635
81635;87186
87186;90932
90932;90050
90050;49984
49984;74193
74193;15161
15161;36492
36492;718
718;20851
20851;5639
5639;86597
86597;79388
79388;8195
8195;62146
62146;52223
52223;94077
94077;88096
88096;28165
28165;9802
9802;43100
43100;58560
58560;82188
82188;93044
93044;11861
11861;8719
8719;36048
36048;77834
77834;96798
96798;31510
31510;10178
10178;59724
59724;25555
25555;61059
61059;64981
64981;70611
70611;60215
60215;47315
47315;88560
88560;13693
13693;23907
23907;8476
8476;23219
23219;38706
38706;36217
36217;46589
46589;56573
56573;81581
81581;30473
30473;8058
8058;69490
69490;48727
48727;16218
16218;71254
71254;22161
22161;23074
23074;4998
4998;97887
97887;78189
78189;41265
41265;38145
38145;37326
37326;39693
39693;69208
69208;10673
10673;45915
45915;61041
61041;18328
18328;43214
43214;91535
91535;92008
92008;46761
46761;99536
99536;14471
14471;85894
85894;34623
34623;35341
35341;43481
43481;56827
56827;65271
65271;52145
52145;54467
54467;47361
47361;88740
88740;62020
62020;61451
61451;43505
43505;54301
54301;38898
38898;41906
41906;65612
65612;62327
62327;69126
69126;47295
47295;75548
75548;86580
86580;68782
68782;54010
54010;28033
28033;90302
90302;85548
85548;38245
38245;38366
38366;38937
38937;16050
16050;22728
22728;49190
49190;1747
1747;85359
85359;87537
87537;87733
87733;61517
61517;41060
41060;12917
12917;89119
89119;83678
83678;89965
89965;50952
50952;7188
7188;49221
49221;2409
2409;6740
6740;79430
79430;1307
1307;25922
25922;29680
29680;77634
77634;52241
52241;38923
38923;99313
99313;65840
65840;81330
81330;15447
15447;66524
66524;79722
79722;13900
13900;16100
16100;8423
8423;72690
72690;39291
39291;12260
12260;41758
41758;68941
68941;51360
51360;54173
54173;4095
4095;21267
21267;56209
56209;58175
58175;91869
91869;96615
96615;17830
17830;46822
46822;78811
78811;87892
87892;78808
78808;58814
58814;37059
37059;13015
13015;86369
86369;45094
45094;96949
96949;62823
62823;86046
86046;21696
21696;6402
6402;46069
